c,tau
3.125000e-02,5.825433e+02
3.514569e-02,4.802169e+02
3.952702e-02,3.964509e+02
4.445454e-02,3.278081e+02
4.999633e-02,2.714973e+02
5.622898e-02,2.252511e+02
6.323860e-02,1.872258e+02
7.112205e-02,1.559218e+02
7.998827e-02,1.301182e+02
8.995977e-02,1.088202e+02
1.011743e-01,9.121707e+01
1.137869e-01,7.664705e+01
1.279718e-01,6.456984e+01
1.439251e-01,5.454381e+01
1.618671e-01,4.620763e+01
1.820457e-01,3.926536e+01
2.047399e-01,3.347431e+01
2.302632e-01,2.863518e+01
2.589683e-01,2.458404e+01
2.912518e-01,2.118576e+01
3.275599e-01,1.832870e+01
3.683941e-01,1.592039e+01
4.143189e-01,1.388401e+01
4.659687e-01,1.215557e+01
5.240574e-01,1.068169e+01
5.893874e-01,9.417824e+00
6.628616e-01,8.326901e+00
7.454953e-01,7.378255e+00
8.384303e-01,6.546769e+00
9.429507e-01,5.812147e+00
1.060501e+00,5.158253e+00
1.192705e+00,4.572482e+00
1.341390e+00,4.045147e+00
1.508610e+00,3.568898e+00
1.696677e+00,3.138181e+00
1.908188e+00,2.748764e+00
2.146067e+00,2.397340e+00
2.413600e+00,2.081207e+00
2.714484e+00,1.798021e+00
3.052877e+00,1.545630e+00
3.433455e+00,1.321959e+00
3.861476e+00,1.124944e+00
4.342856e+00,9.525048e-01
4.884245e+00,8.025520e-01
5.493125e+00,6.729926e-01
6.177909e+00,5.617668e-01
6.948060e+00,4.668713e-01
7.814219e+00,3.863932e-01
8.788355e+00,3.185344e-01
9.883930e+00,2.616267e-01
1.111608e+01,2.141457e-01
1.250183e+01,1.747216e-01
1.406034e+01,1.422162e-01
1.581313e+01,1.153094e-01
1.778442e+01,9.331325e-02
2.000147e+01,7.534534e-02
2.249489e+01,6.062843e-02
2.529915e+01,4.870098e-02
2.845299e+01,3.920882e-02
3.200000e+01,3.137067e-02
