c,tau
3.125000e-02,4.278932e+02
3.514569e-02,3.517272e+02
3.952702e-02,2.895102e+02
4.445454e-02,2.386403e+02
4.999633e-02,1.970072e+02
5.622898e-02,1.628989e+02
6.323860e-02,1.349255e+02
7.112205e-02,1.119580e+02
7.998827e-02,9.307855e+01
8.995977e-02,7.754078e+01
1.011743e-01,6.473712e+01
1.137869e-01,5.417278e+01
1.279718e-01,4.544445e+01
1.439251e-01,3.822321e+01
1.618671e-01,3.224058e+01
1.820457e-01,2.727727e+01
2.047399e-01,2.315405e+01
2.302632e-01,1.972433e+01
2.589683e-01,1.686817e+01
2.912518e-01,1.448739e+01
3.275599e-01,1.250164e+01
3.683941e-01,1.084519e+01
4.143189e-01,9.464345e+00
4.659687e-01,8.315423e+00
5.240574e-01,7.363072e+00
5.893874e-01,6.579037e+00
6.628616e-01,5.941229e+00
7.454953e-01,5.433152e+00
8.384303e-01,5.043692e+00
9.429507e-01,4.767390e+00
1.060501e+00,4.605390e+00
1.192705e+00,4.567484e+00
1.341390e+00,4.676020e+00
1.508610e+00,4.973222e+00
1.696677e+00,5.535049e+00
1.908188e+00,6.498051e+00
2.146067e+00,8.113208e+00
2.413600e+00,1.085768e+01
2.714484e+00,1.567482e+01
3.052877e+00,2.450497e+01
3.433455e+00,4.148296e+01
3.861476e+00,7.565335e+01
4.342856e+00,1.470217e+02
4.884245e+00,2.993987e+02
5.493125e+00,6.252178e+02
6.177909e+00,1.306238e+03
6.948060e+00,2.662732e+03
7.814219e+00,5.176361e+03
8.788355e+00,9.422031e+03
9.883930e+00,1.585887e+04
1.111608e+01,2.456423e+04
1.250183e+01,3.485772e+04
1.406034e+01,4.568217e+04
1.581313e+01,5.555437e+04
1.778442e+01,6.370872e+04
