c,tau
3.125000e-02,4.456964e+02
3.514569e-02,3.664320e+02
3.952702e-02,3.016672e+02
4.445454e-02,2.486997e+02
4.999633e-02,2.053374e+02
5.622898e-02,1.698018e+02
6.323860e-02,1.406486e+02
7.112205e-02,1.167043e+02
7.998827e-02,9.701509e+01
8.995977e-02,8.080473e+01
1.011743e-01,6.744148e+01
1.137869e-01,5.641060e+01
1.279718e-01,4.729248e+01
1.439251e-01,3.974474e+01
1.618671e-01,3.348780e+01
1.820457e-01,2.829319e+01
2.047399e-01,2.397404e+01
2.302632e-01,2.037734e+01
2.589683e-01,1.737770e+01
2.912518e-01,1.487223e+01
3.275599e-01,1.277641e+01
3.683941e-01,1.102070e+01
4.143189e-01,9.547734e+00
4.659687e-01,8.310115e+00
5.240574e-01,7.268510e+00
5.893874e-01,6.390135e+00
6.628616e-01,5.647496e+00
7.454953e-01,5.017364e+00
8.384303e-01,4.479961e+00
9.429507e-01,4.018335e+00
1.060501e+00,3.617921e+00
1.192705e+00,3.266271e+00
1.341390e+00,2.952926e+00
1.508610e+00,2.669383e+00
1.696677e+00,2.409074e+00
1.908188e+00,2.167305e+00
2.146067e+00,1.941084e+00
2.413600e+00,1.728833e+00
2.714484e+00,1.530031e+00
3.052877e+00,1.344810e+00
3.433455e+00,1.173603e+00
3.861476e+00,1.016851e+00
4.342856e+00,8.748165e-01
4.884245e+00,7.474787e-01
5.493125e+00,6.345068e-01
6.177909e+00,5.352851e-01
6.948060e+00,4.489656e-01
7.814219e+00,3.745354e-01
8.788355e+00,3.108826e-01
9.883930e+00,2.568571e-01
1.111608e+01,2.113207e-01
1.250183e+01,1.731811e-01
1.406034e+01,1.414219e-01
1.581313e+01,1.151137e-01
1.778442e+01,9.342289e-02
2.000147e+01,7.561682e-02
2.249489e+01,6.105525e-02
2.529915e+01,4.919297e-02
2.845299e+01,3.955558e-02
3.200000e+01,3.177591e-02
