c,tau
3.125000e-02,4.279711e+02
3.514569e-02,3.517755e+02
3.952702e-02,2.895342e+02
4.445454e-02,2.386442e+02
4.999633e-02,1.969945e+02
5.622898e-02,1.628724e+02
6.323860e-02,1.348875e+02
7.112205e-02,1.119103e+02
7.998827e-02,9.302281e+01
8.995977e-02,7.747818e+01
1.011743e-01,6.466866e+01
1.137869e-01,5.409922e+01
1.279718e-01,4.536639e+01
1.439251e-01,3.814109e+01
1.618671e-01,3.215469e+01
1.820457e-01,2.718776e+01
2.047399e-01,2.306093e+01
2.302632e-01,1.962746e+01
2.589683e-01,1.676724e+01
2.912518e-01,1.438188e+01
3.275599e-01,1.239077e+01
3.683941e-01,1.072785e+01
4.143189e-01,9.338979e+00
4.659687e-01,8.179842e+00
5.240574e-01,7.214222e+00
5.893874e-01,6.412608e+00
6.628616e-01,5.751084e+00
7.454953e-01,5.210428e+00
8.384303e-01,4.775391e+00
9.429507e-01,4.434115e+00
1.060501e+00,4.177630e+00
1.192705e+00,3.999405e+00
1.341390e+00,3.894845e+00
1.508610e+00,3.860655e+00
1.696677e+00,3.893934e+00
1.908188e+00,3.990897e+00
2.146067e+00,4.145166e+00
2.413600e+00,4.345843e+00
2.714484e+00,4.575858e+00
3.052877e+00,4.811432e+00
3.433455e+00,5.023510e+00
3.861476e+00,5.181511e+00
4.342856e+00,5.258564e+00
4.884245e+00,5.236658e+00
5.493125e+00,5.109779e+00
6.177909e+00,4.884201e+00
6.948060e+00,4.576004e+00
7.814219e+00,4.207230e+00
8.788355e+00,3.801716e+00
9.883930e+00,3.381868e+00
1.111608e+01,2.966532e+00
1.250183e+01,2.570057e+00
1.406034e+01,2.202284e+00
1.581313e+01,1.869001e+00
1.778442e+01,1.572825e+00
2.000147e+01,1.313794e+00
2.249489e+01,1.090301e+00
2.529915e+01,8.996144e-01
2.845299e+01,7.386463e-01
3.200000e+01,6.020384e-01
