c,tau
3.125000e-02,4.283721e+02
3.493984e-02,3.555595e+02
3.906536e-02,2.954792e+02
4.367801e-02,2.458631e+02
4.883529e-02,2.048526e+02
5.460151e-02,1.709241e+02
6.104859e-02,1.428277e+02
6.825690e-02,1.195378e+02
7.631633e-02,1.002120e+02
8.532738e-02,8.415824e+01
9.540241e-02,7.080766e+01
1.066670e-01,5.969216e+01
1.192618e-01,5.042647e+01
1.333436e-01,4.269324e+01
1.490881e-01,3.623088e+01
1.666917e-01,3.082364e+01
1.863738e-01,2.629344e+01
2.083799e-01,2.249319e+01
2.329844e-01,1.930134e+01
2.604940e-01,1.661735e+01
2.912518e-01,1.435802e+01
3.256414e-01,1.245447e+01
3.640915e-01,1.084966e+01
4.070816e-01,9.496336e+00
4.551477e-01,8.355339e+00
5.088893e-01,7.394257e+00
5.689764e-01,6.586266e+00
6.361583e-01,5.909199e+00
7.112726e-01,5.344758e+00
7.952561e-01,4.877856e+00
8.891560e-01,4.496053e+00
9.941431e-01,4.189031e+00
1.111527e+00,3.948116e+00
1.242770e+00,3.765763e+00
1.389510e+00,3.635025e+00
1.553576e+00,3.548948e+00
1.737015e+00,3.499956e+00
1.942113e+00,3.479269e+00
2.171428e+00,3.476547e+00
2.427819e+00,3.479920e+00
2.714484e+00,3.476604e+00
3.034997e+00,3.454103e+00
3.393354e+00,3.401795e+00
3.794024e+00,3.312443e+00
4.242003e+00,3.183221e+00
4.742878e+00,3.015857e+00
5.302893e+00,2.815979e+00
5.929032e+00,2.591861e+00
6.629102e+00,2.353008e+00
7.411834e+00,2.108770e+00
8.286986e+00,1.867506e+00
9.265472e+00,1.636023e+00
1.035949e+01,1.419241e+00
1.158269e+01,1.220377e+00
1.295031e+01,1.041129e+00
1.447942e+01,8.819706e-01
1.618908e+01,7.398377e-01
1.810061e+01,6.215612e-01
2.023783e+01,5.177749e-01
2.262742e+01,4.294124e-01
