c,tau
3.125000e-02,4.278542e+02
3.514569e-02,3.516863e+02
3.952702e-02,2.894678e+02
4.445454e-02,2.385965e+02
4.999633e-02,1.969623e+02
5.622898e-02,1.628531e+02
6.323860e-02,1.348788e+02
7.112205e-02,1.119105e+02
7.998827e-02,9.303040e+01
8.995977e-02,7.749197e+01
1.011743e-01,6.468768e+01
1.137869e-01,5.412270e+01
1.279718e-01,4.539371e+01
1.439251e-01,3.817175e+01
1.618671e-01,3.218832e+01
1.820457e-01,2.722410e+01
2.047399e-01,2.309980e+01
2.302632e-01,1.966880e+01
2.589683e-01,1.681108e+01
2.912518e-01,1.442836e+01
3.275599e-01,1.244018e+01
3.683941e-01,1.078063e+01
4.143189e-01,9.395786e+00
4.659687e-01,8.241628e+00
5.240574e-01,7.282329e+00
5.893874e-01,6.488930e+00
6.628616e-01,5.838305e+00
7.454953e-01,5.312375e+00
8.384303e-01,4.897570e+00
9.429507e-01,4.584529e+00
1.060501e+00,4.368033e+00
1.192705e+00,4.247219e+00
1.341390e+00,4.226078e+00
1.508610e+00,4.314267e+00
1.696677e+00,4.528191e+00
1.908188e+00,4.892145e+00
2.146067e+00,5.439013e+00
2.413600e+00,6.209480e+00
2.714484e+00,7.248035e+00
3.052877e+00,8.593684e+00
3.433455e+00,1.026400e+01
3.861476e+00,1.223421e+01
4.342856e+00,1.441803e+01
4.884245e+00,1.666146e+01
5.493125e+00,1.875914e+01
6.177909e+00,2.049300e+01
6.948060e+00,2.168071e+01
7.814219e+00,2.221447e+01
8.788355e+00,2.207032e+01
9.883930e+00,2.132616e+01
1.111608e+01,2.006364e+01
1.250183e+01,1.849205e+01
1.406034e+01,1.669240e+01
1.581313e+01,1.481048e+01
1.778442e+01,1.294621e+01
2.000147e+01,1.117147e+01
2.249489e+01,9.532863e+00
2.529915e+01,8.057208e+00
2.845299e+01,6.752202e+00
3.200000e+01,5.619454e+00
