c,tau
3.125000e-02,4.279109e+02
3.453176e-02,3.622095e+02
3.815816e-02,3.068936e+02
4.216540e-02,2.602904e+02
4.659346e-02,2.210003e+02
5.148653e-02,1.878518e+02
5.689347e-02,1.598639e+02
6.286821e-02,1.362148e+02
6.947041e-02,1.162157e+02
7.676594e-02,9.928928e+01
8.482762e-02,8.495095e+01
9.373592e-02,7.279415e+01
1.035797e-01,6.247750e+01
1.144573e-01,5.371417e+01
1.264772e-01,4.626309e+01
1.397594e-01,3.992153e+01
1.544364e-01,3.451890e+01
1.706548e-01,2.991160e+01
1.885763e-01,2.597869e+01
2.083799e-01,2.261825e+01
2.302632e-01,1.974436e+01
2.544446e-01,1.728459e+01
2.811655e-01,1.517782e+01
3.106925e-01,1.337254e+01
3.433203e-01,1.182531e+01
3.793746e-01,1.049954e+01
4.192151e-01,9.364494e+00
4.632396e-01,8.394407e+00
5.118874e-01,7.567834e+00
5.656439e-01,6.867094e+00
6.250458e-01,6.277868e+00
6.906859e-01,5.788935e+00
7.632193e-01,5.392059e+00
8.433698e-01,5.082068e+00
9.319375e-01,4.857191e+00
1.029806e+00,4.719783e+00
1.137953e+00,4.677670e+00
1.257456e+00,4.746533e+00
1.389510e+00,4.954170e+00
1.535431e+00,5.348203e+00
1.696677e+00,6.010545e+00
1.874856e+00,7.085628e+00
2.071746e+00,8.838245e+00
2.289314e+00,1.177871e+01
2.529729e+00,1.695078e+01
2.795392e+00,2.664013e+01
3.088955e+00,4.625153e+01
3.413345e+00,8.969664e+01
3.771803e+00,1.962357e+02
4.167904e+00,4.880294e+02
4.605602e+00,1.385469e+03
5.089266e+00,4.487410e+03
5.623723e+00,1.647580e+04
6.214306e+00,6.767536e+04
6.866910e+00,3.047922e+05
7.588048e+00,1.465637e+06
8.384918e+00,7.291421e+06
9.265472e+00,3.626290e+07
1.023850e+01,1.726601e+08
1.131371e+01,7.809885e+08
