c,tau
3.125000e-02,4.297070e+02
3.493984e-02,3.566683e+02
3.906536e-02,2.964003e+02
4.367801e-02,2.466282e+02
4.883529e-02,2.054879e+02
5.460151e-02,1.714512e+02
6.104859e-02,1.432646e+02
6.825690e-02,1.198993e+02
7.631633e-02,1.005104e+02
8.532738e-02,8.440387e+01
9.540241e-02,7.100893e+01
1.066670e-01,5.985612e+01
1.192618e-01,5.055897e+01
1.333436e-01,4.279914e+01
1.490881e-01,3.631422e+01
1.666917e-01,3.088775e+01
1.863738e-01,2.634109e+01
2.083799e-01,2.252665e+01
2.329844e-01,1.932244e+01
2.604940e-01,1.662756e+01
2.912518e-01,1.435846e+01
3.256414e-01,1.244596e+01
3.640915e-01,1.083271e+01
4.070816e-01,9.471130e+00
4.551477e-01,8.321735e+00
5.088893e-01,7.351722e+00
5.689764e-01,6.533806e+00
6.361583e-01,5.845248e+00
7.112726e-01,5.267037e+00
7.952561e-01,4.783183e+00
8.891560e-01,4.380097e+00
9.941431e-01,4.046039e+00
1.111527e+00,3.770609e+00
1.242770e+00,3.544278e+00
1.389510e+00,3.357989e+00
1.553576e+00,3.202835e+00
1.737015e+00,3.069918e+00
1.942113e+00,2.950397e+00
2.171428e+00,2.835824e+00
2.427819e+00,2.718668e+00
2.714484e+00,2.592969e+00
3.034997e+00,2.454899e+00
3.393354e+00,2.303049e+00
3.794024e+00,2.138358e+00
4.242003e+00,1.963684e+00
4.742878e+00,1.783136e+00
5.302893e+00,1.601356e+00
5.929032e+00,1.422877e+00
6.629102e+00,1.251666e+00
7.411834e+00,1.090795e+00
8.286986e+00,9.424805e-01
9.265472e+00,8.079635e-01
1.035949e+01,6.840245e-01
1.158269e+01,5.816331e-01
1.295031e+01,4.890566e-01
1.447942e+01,4.090801e-01
1.618908e+01,3.405848e-01
1.810061e+01,2.823688e-01
2.023783e+01,2.332247e-01
2.262742e+01,1.919144e-01
