c,tau
3.125000e-02,2.501463e+02
3.514569e-02,2.057372e+02
3.952702e-02,1.694417e+02
4.445454e-02,1.397486e+02
4.999633e-02,1.154322e+02
5.622898e-02,9.549777e+01
6.323860e-02,7.913734e+01
7.112205e-02,6.569449e+01
7.998827e-02,5.463543e+01
8.995977e-02,4.552583e+01
1.011743e-01,3.801204e+01
1.137869e-01,3.180590e+01
1.279718e-01,2.667242e+01
1.439251e-01,2.241986e+01
1.618671e-01,1.889160e+01
1.820457e-01,1.595962e+01
2.047399e-01,1.351920e+01
2.302632e-01,1.148459e+01
2.589683e-01,9.785521e+00
2.912518e-01,8.364355e+00
3.275599e-01,7.173780e+00
3.683941e-01,6.174926e+00
4.143189e-01,5.335838e+00
4.659687e-01,4.630226e+00
5.240574e-01,4.036455e+00
5.893874e-01,3.536716e+00
6.628616e-01,3.116356e+00
7.454953e-01,2.763323e+00
8.384303e-01,2.467722e+00
9.429507e-01,2.221443e+00
1.060501e+00,2.017856e+00
1.192705e+00,1.851551e+00
1.341390e+00,1.718107e+00
1.508610e+00,1.613876e+00
1.696677e+00,1.535760e+00
1.908188e+00,1.480954e+00
2.146067e+00,1.446663e+00
2.413600e+00,1.429762e+00
2.714484e+00,1.426465e+00
3.052877e+00,1.432061e+00
3.433455e+00,1.440869e+00
3.861476e+00,1.446499e+00
4.342856e+00,1.442533e+00
4.884245e+00,1.423443e+00
5.493125e+00,1.385544e+00
6.177909e+00,1.327594e+00
6.948060e+00,1.250862e+00
7.814219e+00,1.158707e+00
8.788355e+00,1.055776e+00
9.883930e+00,9.471247e-01
1.111608e+01,8.375513e-01
1.250183e+01,7.310678e-01
1.406034e+01,6.307372e-01
1.581313e+01,5.385364e-01
1.778442e+01,4.556131e-01
2.000147e+01,3.823492e-01
2.249489e+01,3.185924e-01
2.529915e+01,2.638118e-01
2.845299e+01,2.172651e-01
3.200000e+01,1.780624e-01
