c,tau
3.125000e-02,2.499459e+02
3.514569e-02,2.055798e+02
3.952702e-02,1.693196e+02
4.445454e-02,1.396555e+02
4.999633e-02,1.153629e+02
5.622898e-02,9.544811e+01
6.323860e-02,7.910390e+01
7.112205e-02,6.567447e+01
7.998827e-02,5.462652e+01
8.995977e-02,4.552615e+01
1.011743e-01,3.802005e+01
1.137869e-01,3.182033e+01
1.279718e-01,2.669225e+01
1.439251e-01,2.244425e+01
1.618671e-01,1.891986e+01
1.820457e-01,1.599120e+01
2.047399e-01,1.355368e+01
2.302632e-01,1.152163e+01
2.589683e-01,9.824874e+00
2.912518e-01,8.405870e+00
3.275599e-01,7.217384e+00
3.683941e-01,6.220636e+00
4.143189e-01,5.383769e+00
4.659687e-01,4.680610e+00
5.240574e-01,4.089666e+00
5.893874e-01,3.593323e+00
6.628616e-01,3.177175e+00
7.454953e-01,2.829519e+00
8.384303e-01,2.540945e+00
9.429507e-01,2.304036e+00
1.060501e+00,2.113160e+00
1.192705e+00,1.964375e+00
1.341390e+00,1.855433e+00
1.508610e+00,1.785938e+00
1.696677e+00,1.757701e+00
1.908188e+00,1.775365e+00
2.146067e+00,1.847445e+00
2.413600e+00,1.987968e+00
2.714484e+00,2.218940e+00
3.052877e+00,2.573913e+00
3.433455e+00,3.102690e+00
3.861476e+00,3.876646e+00
4.342856e+00,4.992715e+00
4.884245e+00,6.571650e+00
5.493125e+00,8.743607e+00
6.177909e+00,1.161391e+01
6.948060e+00,1.520865e+01
7.814219e+00,1.941582e+01
8.788355e+00,2.395328e+01
9.883930e+00,2.839493e+01
1.111608e+01,3.225974e+01
1.250183e+01,3.512930e+01
1.406034e+01,3.674239e+01
1.581313e+01,3.703514e+01
1.778442e+01,3.607393e+01
2.000147e+01,3.421587e+01
2.249489e+01,3.161250e+01
2.529915e+01,2.858448e+01
2.845299e+01,2.537411e+01
3.200000e+01,2.214576e+01
