c,tau
3.125000e-02,2.511817e+02
3.514569e-02,2.065866e+02
3.952702e-02,1.701385e+02
4.445454e-02,1.403200e+02
4.999633e-02,1.159005e+02
5.622898e-02,9.588109e+01
6.323860e-02,7.945061e+01
7.112205e-02,6.594990e+01
7.998827e-02,5.484298e+01
8.995977e-02,4.569372e+01
1.011743e-01,3.814703e+01
1.137869e-01,3.191352e+01
1.279718e-01,2.675725e+01
1.439251e-01,2.248566e+01
1.618671e-01,1.894145e+01
1.820457e-01,1.599608e+01
2.047399e-01,1.354437e+01
2.302632e-01,1.150019e+01
2.589683e-01,9.792947e+00
2.912518e-01,8.364750e+00
3.275599e-01,7.168050e+00
3.683941e-01,6.163773e+00
4.143189e-01,5.319772e+00
4.659687e-01,4.609580e+00
5.240574e-01,4.011377e+00
5.893874e-01,3.507158e+00
6.628616e-01,3.082043e+00
7.454953e-01,2.723714e+00
8.384303e-01,2.421940e+00
9.429507e-01,2.168192e+00
1.060501e+00,1.955296e+00
1.192705e+00,1.777152e+00
1.341390e+00,1.628469e+00
1.508610e+00,1.504536e+00
1.696677e+00,1.401018e+00
1.908188e+00,1.313795e+00
2.146067e+00,1.238861e+00
2.413600e+00,1.172309e+00
2.714484e+00,1.110429e+00
3.052877e+00,1.049915e+00
3.433455e+00,9.881246e-01
3.861476e+00,9.233278e-01
4.342856e+00,8.548424e-01
4.884245e+00,7.829965e-01
5.493125e+00,7.089311e-01
6.177909e+00,6.342895e-01
6.948060e+00,5.608917e-01
7.814219e+00,4.904431e-01
8.788355e+00,4.243432e-01
9.883930e+00,3.635979e-01
1.111608e+01,3.088020e-01
1.250183e+01,2.601742e-01
1.406034e+01,2.176344e-01
1.581313e+01,1.808883e-01
1.778442e+01,1.494935e-01
2.000147e+01,1.229209e-01
2.249489e+01,1.006234e-01
2.529915e+01,8.204351e-02
2.845299e+01,6.665841e-02
3.200000e+01,5.399149e-02
