c,tau
3.125000e-02,2.499628e+02
3.473520e-02,2.096410e+02
3.860910e-02,1.760172e+02
4.291504e-02,1.479570e+02
4.770120e-02,1.245208e+02
5.302115e-02,1.049300e+02
5.893442e-02,8.853908e+01
6.550717e-02,7.481283e+01
7.281296e-02,6.330699e+01
8.093353e-02,5.365275e+01
8.995977e-02,4.554370e+01
9.999267e-02,3.872518e+01
1.111445e-01,3.298537e+01
1.235401e-01,2.814802e+01
1.373181e-01,2.406635e+01
1.526327e-01,2.061807e+01
1.696552e-01,1.770121e+01
1.885763e-01,1.523069e+01
2.096076e-01,1.313548e+01
2.329844e-01,1.135626e+01
2.589683e-01,9.843417e+00
2.878501e-01,8.555455e+00
3.199531e-01,7.457648e+00
3.556363e-01,6.520918e+00
3.952992e-01,5.720910e+00
4.393855e-01,5.037229e+00
4.883887e-01,4.452799e+00
5.428570e-01,3.953345e+00
6.033999e-01,3.526960e+00
6.706950e-01,3.163758e+00
7.454953e-01,2.855593e+00
8.286378e-01,2.595847e+00
9.210529e-01,2.379278e+00
1.023775e+00,2.201933e+00
1.137953e+00,2.061141e+00
1.264865e+00,1.955597e+00
1.405931e+00,1.885593e+00
1.562729e+00,1.853459e+00
1.737015e+00,1.864357e+00
1.930738e+00,1.927686e+00
2.146067e+00,2.059559e+00
2.385410e+00,2.287327e+00
2.651447e+00,2.657981e+00
2.947153e+00,3.254432e+00
3.275839e+00,4.228102e+00
3.641182e+00,5.866717e+00
4.047270e+00,8.740535e+00
4.498648e+00,1.402859e+01
5.000367e+00,2.426628e+01
5.558040e+00,4.508928e+01
6.177909e+00,8.931511e+01
6.866910e+00,1.863427e+02
7.632752e+00,4.028976e+02
8.484007e+00,8.854520e+02
9.430198e+00,1.936840e+03
1.048192e+01,4.129739e+03
1.165093e+01,8.422056e+03
1.295031e+01,1.617518e+04
1.439462e+01,2.909611e+04
1.600000e+01,4.788940e+04
