c,tau
3.125000e-02,2.499605e+02
3.599853e-02,1.975820e+02
4.146860e-02,1.564907e+02
4.776987e-02,1.242082e+02
5.502864e-02,9.880805e+01
6.339040e-02,7.879102e+01
7.302275e-02,6.298967e+01
8.411876e-02,5.049395e+01
9.690085e-02,4.059378e+01
1.116252e-01,3.273454e+01
1.285870e-01,2.648256e+01
1.481261e-01,2.149839e+01
1.706343e-01,1.751602e+01
1.965627e-01,1.432672e+01
2.264309e-01,1.176654e+01
2.608377e-01,9.706511e+00
3.004728e-01,8.045093e+00
3.461304e-01,6.702224e+00
3.987259e-01,5.614727e+00
4.593135e-01,4.732706e+00
5.291075e-01,4.016751e+00
6.095068e-01,3.435751e+00
7.021231e-01,2.965198e+00
8.088127e-01,2.585883e+00
9.317141e-01,2.282889e+00
1.073291e+00,2.044839e+00
1.236380e+00,1.863345e+00
1.424252e+00,1.732621e+00
1.640671e+00,1.649204e+00
1.889975e+00,1.611736e+00
2.177162e+00,1.620645e+00
2.507988e+00,1.677529e+00
2.889084e+00,1.783889e+00
3.328089e+00,1.938851e+00
3.833801e+00,2.135884e+00
4.416358e+00,2.359349e+00
5.087436e+00,2.583006e+00
5.860486e+00,2.772871e+00
6.751004e+00,2.894962e+00
7.776838e+00,2.924971e+00
8.958550e+00,2.855055e+00
1.031983e+01,2.694376e+00
1.188795e+01,2.464435e+00
1.369436e+01,2.191847e+00
1.577526e+01,1.902940e+00
1.817235e+01,1.616584e+00
2.093370e+01,1.349359e+00
2.411463e+01,1.109296e+00
2.777892e+01,9.002909e-01
3.200000e+01,7.228898e-01
