c,tau
3.125000e-02,2.771311e+02
3.514569e-02,2.280221e+02
3.952702e-02,1.878682e+02
4.445454e-02,1.550041e+02
4.999633e-02,1.280783e+02
5.622898e-02,1.059940e+02
6.323860e-02,8.785997e+01
7.112205e-02,7.295193e+01
7.998827e-02,6.068073e+01
8.995977e-02,5.056684e+01
1.011743e-01,4.221968e+01
1.137869e-01,3.532087e+01
1.279718e-01,2.961072e+01
1.439251e-01,2.487718e+01
1.618671e-01,2.094702e+01
1.820457e-01,1.767855e+01
2.047399e-01,1.495580e+01
2.302632e-01,1.268373e+01
2.589683e-01,1.078440e+01
2.912518e-01,9.193781e+00
3.275599e-01,7.859249e+00
3.683941e-01,6.737452e+00
4.143189e-01,5.792627e+00
4.659687e-01,4.995207e+00
5.240574e-01,4.320686e+00
5.893874e-01,3.748683e+00
6.628616e-01,3.262201e+00
7.454953e-01,2.847000e+00
8.384303e-01,2.491122e+00
9.429507e-01,2.184506e+00
1.060501e+00,1.918703e+00
1.192705e+00,1.686669e+00
1.341390e+00,1.482603e+00
1.508610e+00,1.301832e+00
1.696677e+00,1.140686e+00
1.908188e+00,9.963776e-01
2.146067e+00,8.668441e-01
2.413600e+00,7.505881e-01
2.714484e+00,6.465076e-01
3.052877e+00,5.537438e-01
3.433455e+00,4.715628e-01
3.861476e+00,3.992675e-01
4.342856e+00,3.361509e-01
4.884245e+00,2.814767e-01
5.493125e+00,2.344821e-01
6.177909e+00,1.943892e-01
6.948060e+00,1.604253e-01
7.814219e+00,1.318452e-01
8.788355e+00,1.079420e-01
9.883930e+00,8.806336e-02
1.111608e+01,7.161687e-02
1.250183e+01,5.807266e-02
1.406034e+01,4.696690e-02
1.581313e+01,3.789493e-02
1.778442e+01,3.050980e-02
2.000147e+01,2.451651e-02
2.249489e+01,1.966760e-02
2.529915e+01,1.575206e-02
2.845299e+01,1.259816e-02
3.200000e+01,1.006397e-02
