c,tau
3.125000e-02,4.013782e+02
3.514569e-02,3.310877e+02
3.952702e-02,2.735068e+02
4.445454e-02,2.262869e+02
4.999633e-02,1.875201e+02
5.622898e-02,1.556559e+02
6.323860e-02,1.294331e+02
7.112205e-02,1.078253e+02
7.998827e-02,8.999651e+01
8.995977e-02,7.526534e+01
1.011743e-01,6.307599e+01
1.137869e-01,5.297472e+01
1.279718e-01,4.459080e+01
1.439251e-01,3.762102e+01
1.618671e-01,3.181718e+01
1.820457e-01,2.697586e+01
2.047399e-01,2.293015e+01
2.302632e-01,1.954293e+01
2.589683e-01,1.670134e+01
2.912518e-01,1.431237e+01
3.275599e-01,1.229917e+01
3.683941e-01,1.059817e+01
4.143189e-01,9.156606e+00
4.659687e-01,7.930672e+00
5.240574e-01,6.883938e+00
5.893874e-01,5.986146e+00
6.628616e-01,5.212240e+00
7.454953e-01,4.541587e+00
8.384303e-01,3.957333e+00
9.429507e-01,3.445845e+00
1.060501e+00,2.996202e+00
1.192705e+00,2.599721e+00
1.341390e+00,2.249512e+00
1.508610e+00,1.940081e+00
1.696677e+00,1.666970e+00
1.908188e+00,1.426476e+00
2.146067e+00,1.215418e+00
2.413600e+00,1.030976e+00
2.714484e+00,8.705742e-01
3.052877e+00,7.318143e-01
3.433455e+00,6.124433e-01
3.861476e+00,5.103292e-01
4.342856e+00,4.234707e-01
4.884245e+00,3.499999e-01
5.493125e+00,2.881844e-01
6.177909e+00,2.364431e-01
6.948060e+00,1.933456e-01
7.814219e+00,1.576162e-01
8.788355e+00,1.281189e-01
9.883930e+00,1.038665e-01
1.111608e+01,8.399983e-02
1.250183e+01,6.778159e-02
1.406034e+01,5.458297e-02
1.581313e+01,4.387318e-02
1.778442e+01,3.520420e-02
2.000147e+01,2.820584e-02
2.249489e+01,2.257556e-02
2.529915e+01,1.803789e-02
2.845299e+01,1.439301e-02
3.200000e+01,1.148460e-02
