c,tau
3.125000e-02,2.559562e+02
3.514569e-02,2.105235e+02
3.952702e-02,1.733879e+02
4.445454e-02,1.430045e+02
4.999633e-02,1.181204e+02
5.622898e-02,9.771824e+01
6.323860e-02,8.097214e+01
7.112205e-02,6.721078e+01
7.998827e-02,5.588830e+01
8.995977e-02,4.656050e+01
1.011743e-01,3.886569e+01
1.137869e-01,3.250911e+01
1.279718e-01,2.725040e+01
1.439251e-01,2.289336e+01
1.618671e-01,1.927777e+01
1.820457e-01,1.627262e+01
2.047399e-01,1.377071e+01
2.302632e-01,1.168427e+01
2.589683e-01,9.941338e+00
2.912518e-01,8.482857e+00
3.275599e-01,7.260324e+00
3.683941e-01,6.233845e+00
4.143189e-01,5.370571e+00
4.659687e-01,4.643412e+00
5.240574e-01,4.029984e+00
5.893874e-01,3.511754e+00
6.628616e-01,3.073325e+00
7.454953e-01,2.701855e+00
8.384303e-01,2.386568e+00
9.429507e-01,2.118359e+00
1.060501e+00,1.889457e+00
1.192705e+00,1.693164e+00
1.341390e+00,1.523649e+00
1.508610e+00,1.375815e+00
1.696677e+00,1.245218e+00
1.908188e+00,1.128056e+00
2.146067e+00,1.021199e+00
2.413600e+00,9.222220e-01
2.714484e+00,8.294328e-01
3.052877e+00,7.418296e-01
3.433455e+00,6.590071e-01
3.861476e+00,5.809988e-01
4.342856e+00,5.081004e-01
4.884245e+00,4.406984e-01
5.493125e+00,3.791322e-01
6.177909e+00,3.236104e-01
6.948060e+00,2.741705e-01
7.814219e+00,2.306768e-01
8.788355e+00,1.928444e-01
9.883930e+00,1.602769e-01
1.111608e+01,1.325024e-01
1.250183e+01,1.090182e-01
1.406034e+01,8.930906e-02
1.581313e+01,7.288013e-02
1.778442e+01,5.926819e-02
2.000147e+01,4.804913e-02
2.249489e+01,3.884609e-02
2.529915e+01,3.132888e-02
2.845299e+01,2.521136e-02
3.200000e+01,2.024771e-02
