c,tau
3.125000e-02,1.853588e+02
3.514569e-02,1.525029e+02
3.952702e-02,1.256436e+02
4.445454e-02,1.036646e+02
4.999633e-02,8.566073e+01
5.622898e-02,7.089700e+01
6.323860e-02,5.877654e+01
7.112205e-02,4.881428e+01
7.998827e-02,4.061572e+01
8.995977e-02,3.385980e+01
1.011743e-01,2.828510e+01
1.137869e-01,2.367854e+01
1.279718e-01,1.986633e+01
1.439251e-01,1.670664e+01
1.618671e-01,1.408359e+01
1.820457e-01,1.190245e+01
2.047399e-01,1.008569e+01
2.302632e-01,8.569823e+00
2.589683e-01,7.302797e+00
2.912518e-01,6.241907e+00
3.275599e-01,5.352083e+00
3.683941e-01,4.604502e+00
4.143189e-01,3.975453e+00
4.659687e-01,3.445423e+00
5.240574e-01,2.998350e+00
5.893874e-01,2.621008e+00
6.628616e-01,2.302525e+00
7.454953e-01,2.033978e+00
8.384303e-01,1.808078e+00
9.429507e-01,1.618921e+00
1.060501e+00,1.461803e+00
1.192705e+00,1.333087e+00
1.341390e+00,1.230131e+00
1.508610e+00,1.151294e+00
1.696677e+00,1.096021e+00
1.908188e+00,1.065069e+00
2.146067e+00,1.060932e+00
2.413600e+00,1.088618e+00
2.714484e+00,1.157010e+00
3.052877e+00,1.281279e+00
3.433455e+00,1.487217e+00
3.861476e+00,1.819062e+00
4.342856e+00,2.353769e+00
4.884245e+00,3.226893e+00
5.493125e+00,4.678273e+00
6.177909e+00,7.129713e+00
6.948060e+00,1.130341e+01
7.814219e+00,1.837441e+01
8.788355e+00,3.009797e+01
9.883930e+00,4.876749e+01
1.111608e+01,7.679230e+01
1.250183e+01,1.157758e+02
1.406034e+01,1.653152e+02
1.581313e+01,2.221563e+02
1.778442e+01,2.804475e+02
2.000147e+01,3.344963e+02
2.249489e+01,3.693160e+02
2.529915e+01,4.184879e+02
2.845299e+01,4.088192e+02
3.200000e+01,4.019567e+02
