c,tau
3.125000e-02,2.195633e+02
3.514569e-02,1.807325e+02
3.952702e-02,1.489710e+02
4.445454e-02,1.229656e+02
4.999633e-02,1.016505e+02
5.622898e-02,8.416038e+01
6.323860e-02,6.979219e+01
7.112205e-02,5.797429e+01
7.998827e-02,4.824161e+01
8.995977e-02,4.021555e+01
1.011743e-01,3.358763e+01
1.137869e-01,2.810632e+01
1.279718e-01,2.356642e+01
1.439251e-01,1.980031e+01
1.618671e-01,1.667100e+01
1.820457e-01,1.406643e+01
2.047399e-01,1.189482e+01
2.302632e-01,1.008096e+01
2.589683e-01,8.563117e+00
2.912518e-01,7.290586e+00
3.275599e-01,6.221658e+00
3.683941e-01,5.321974e+00
4.143189e-01,4.563186e+00
4.659687e-01,3.921857e+00
5.240574e-01,3.378574e+00
5.893874e-01,2.917209e+00
6.628616e-01,2.524331e+00
7.454953e-01,2.188725e+00
8.384303e-01,1.901003e+00
9.429507e-01,1.653306e+00
1.060501e+00,1.439060e+00
1.192705e+00,1.252803e+00
1.341390e+00,1.090031e+00
1.508610e+00,9.470900e-01
1.696677e+00,8.210569e-01
1.908188e+00,7.096337e-01
2.146067e+00,6.110304e-01
2.413600e+00,5.238466e-01
2.714484e+00,4.469627e-01
3.052877e+00,3.794426e-01
3.433455e+00,3.204621e-01
3.861476e+00,2.692567e-01
4.342856e+00,2.250941e-01
4.884245e+00,1.872646e-01
5.493125e+00,1.550758e-01
6.177909e+00,1.278659e-01
6.948060e+00,1.050078e-01
7.814219e+00,8.591558e-02
8.788355e+00,7.005561e-02
9.883930e+00,5.694490e-02
1.111608e+01,4.615736e-02
1.250183e+01,3.731627e-02
1.406034e+01,3.009960e-02
1.581313e+01,2.422690e-02
1.778442e+01,1.946232e-02
2.000147e+01,1.560860e-02
2.249489e+01,1.249941e-02
2.529915e+01,9.995863e-03
2.845299e+01,7.983477e-03
3.200000e+01,6.369390e-03
