c,tau
3.125000e-02,1.884346e+02
3.514569e-02,1.550274e+02
3.952702e-02,1.277159e+02
4.445454e-02,1.053657e+02
4.999633e-02,8.705673e+01
5.622898e-02,7.204191e+01
6.323860e-02,5.971456e+01
7.112205e-02,4.958157e+01
7.998827e-02,4.124193e+01
8.995977e-02,3.436926e+01
1.011743e-01,2.869778e+01
1.137869e-01,2.401086e+01
1.279718e-01,2.013181e+01
1.439251e-01,1.691640e+01
1.618671e-01,1.424681e+01
1.820457e-01,1.202670e+01
2.047399e-01,1.017722e+01
2.302632e-01,8.633782e+00
2.589683e-01,7.343434e+00
2.912518e-01,6.262712e+00
3.275599e-01,5.355909e+00
3.683941e-01,4.593654e+00
4.143189e-01,3.951765e+00
4.659687e-01,3.410304e+00
5.240574e-01,2.952810e+00
5.893874e-01,2.565676e+00
6.628616e-01,2.237626e+00
7.454953e-01,1.959298e+00
8.384303e-01,1.722892e+00
9.429507e-01,1.521881e+00
1.060501e+00,1.350769e+00
1.192705e+00,1.204888e+00
1.341390e+00,1.080227e+00
1.508610e+00,9.732985e-01
1.696677e+00,8.810228e-01
1.908188e+00,8.006550e-01
2.146067e+00,7.297413e-01
2.413600e+00,6.661173e-01
2.714484e+00,6.079331e-01
3.052877e+00,5.537019e-01
3.433455e+00,5.023425e-01
3.861476e+00,4.531956e-01
4.342856e+00,4.059938e-01
4.884245e+00,3.607873e-01
5.493125e+00,3.178396e-01
6.177909e+00,2.775091e-01
6.948060e+00,2.401499e-01
7.814219e+00,2.060388e-01
8.788355e+00,1.753407e-01
9.883930e+00,1.480892e-01
1.111608e+01,1.242040e-01
1.250183e+01,1.035102e-01
1.406034e+01,8.577044e-02
1.581313e+01,7.070482e-02
1.778442e+01,5.801597e-02
2.000147e+01,4.740768e-02
2.249489e+01,3.859737e-02
2.529915e+01,3.131908e-02
2.845299e+01,2.534102e-02
3.200000e+01,2.043847e-02
