c,tau
3.125000e-02,1.531733e+02
3.514569e-02,1.261729e+02
3.952702e-02,1.040751e+02
4.445454e-02,8.597082e+01
4.999633e-02,7.112211e+01
5.622898e-02,5.892956e+01
6.323860e-02,4.890600e+01
7.112205e-02,4.065517e+01
7.998827e-02,3.385458e+01
8.995977e-02,2.824159e+01
1.011743e-01,2.360211e+01
1.137869e-01,1.976150e+01
1.279718e-01,1.657722e+01
1.439251e-01,1.393278e+01
1.618671e-01,1.173294e+01
1.820457e-01,9.899724e+00
2.047399e-01,8.369261e+00
2.302632e-01,7.089163e+00
2.589683e-01,6.016419e+00
2.912518e-01,5.115677e+00
3.275599e-01,4.357841e+00
3.683941e-01,3.718935e+00
4.143189e-01,3.179173e+00
4.659687e-01,2.722196e+00
5.240574e-01,2.334459e+00
5.893874e-01,2.004720e+00
6.628616e-01,1.723632e+00
7.454953e-01,1.483408e+00
8.384303e-01,1.277550e+00
9.429507e-01,1.100632e+00
1.060501e+00,9.481254e-01
1.192705e+00,8.162623e-01
1.341390e+00,7.019204e-01
1.508610e+00,6.025280e-01
1.696677e+00,5.159800e-01
1.908188e+00,4.405582e-01
2.146067e+00,3.748572e-01
2.413600e+00,3.177188e-01
2.714484e+00,2.681606e-01
3.052877e+00,2.253458e-01
3.433455e+00,1.885260e-01
3.861476e+00,1.570259e-01
4.342856e+00,1.302251e-01
4.884245e+00,1.075512e-01
5.493125e+00,8.847570e-02
6.177909e+00,7.251464e-02
6.948060e+00,5.922819e-02
7.814219e+00,4.822258e-02
8.788355e+00,3.914798e-02
9.883930e+00,3.169569e-02
1.111608e+01,2.559938e-02
1.250183e+01,2.063018e-02
1.406034e+01,1.659259e-02
1.581313e+01,1.332083e-02
1.778442e+01,1.067715e-02
2.000147e+01,8.545796e-03
2.249489e+01,6.830497e-03
2.529915e+01,5.453581e-03
2.845299e+01,4.350176e-03
3.200000e+01,3.465382e-03
