c,tau
3.125000e-02,2.654890e+02
3.514569e-02,2.191996e+02
3.952702e-02,1.812461e+02
4.445454e-02,1.500925e+02
4.999633e-02,1.244903e+02
5.622898e-02,1.034245e+02
6.323860e-02,8.606881e+01
7.112205e-02,7.175068e+01
7.998827e-02,5.992184e+01
8.995977e-02,5.013521e+01
1.011743e-01,4.202586e+01
1.137869e-01,3.529567e+01
1.279718e-01,2.970092e+01
1.439251e-01,2.504212e+01
1.618671e-01,2.115587e+01
1.820457e-01,1.790817e+01
2.047399e-01,1.518898e+01
2.302632e-01,1.290787e+01
2.589683e-01,1.099036e+01
2.912518e-01,9.375086e+00
3.275599e-01,8.011339e+00
3.683941e-01,6.857190e+00
4.143189e-01,5.877899e+00
4.659687e-01,5.044650e+00
5.240574e-01,4.333530e+00
5.893874e-01,3.724703e+00
6.628616e-01,3.201749e+00
7.454953e-01,2.751118e+00
8.384303e-01,2.361672e+00
9.429507e-01,2.024295e+00
1.060501e+00,1.731540e+00
1.192705e+00,1.477321e+00
1.341390e+00,1.256628e+00
1.508610e+00,1.065295e+00
1.696677e+00,8.997947e-01
1.908188e+00,7.570863e-01
2.146067e+00,6.344975e-01
2.413600e+00,5.296459e-01
2.714484e+00,4.403792e-01
3.052877e+00,3.647476e-01
3.433455e+00,3.009808e-01
3.861476e+00,2.474775e-01
4.342856e+00,2.027987e-01
4.884245e+00,1.656577e-01
5.493125e+00,1.349172e-01
6.177909e+00,1.095770e-01
6.948060e+00,8.876975e-02
7.814219e+00,7.174306e-02
8.788355e+00,5.785721e-02
9.883930e+00,4.656721e-02
1.111608e+01,3.741301e-02
1.250183e+01,3.000904e-02
1.406034e+01,2.403373e-02
1.581313e+01,1.922349e-02
1.778442e+01,1.535714e-02
2.000147e+01,1.225458e-02
2.249489e+01,9.769825e-03
2.529915e+01,7.781189e-03
2.845299e+01,6.193335e-03
3.200000e+01,4.925312e-03
