c,tau
3.125000e-02,1.052902e+02
3.514569e-02,8.666231e+01
3.952702e-02,7.142910e+01
4.445454e-02,5.895936e+01
4.999633e-02,4.874097e+01
5.622898e-02,4.035816e+01
6.323860e-02,3.347319e+01
7.112205e-02,2.781150e+01
7.998827e-02,2.314980e+01
8.995977e-02,1.930630e+01
1.011743e-01,1.613294e+01
1.137869e-01,1.350902e+01
1.279718e-01,1.133608e+01
1.439251e-01,9.533706e+00
1.618671e-01,8.036217e+00
1.820457e-01,6.789876e+00
2.047399e-01,5.750695e+00
2.302632e-01,4.882632e+00
2.589683e-01,4.156126e+00
2.912518e-01,3.546902e+00
3.275599e-01,3.035014e+00
3.683941e-01,2.604046e+00
4.143189e-01,2.240480e+00
4.659687e-01,1.933167e+00
5.240574e-01,1.672903e+00
5.893874e-01,1.452083e+00
6.628616e-01,1.264416e+00
7.454953e-01,1.104690e+00
8.384303e-01,9.685883e-01
9.429507e-01,8.525322e-01
1.060501e+00,7.535547e-01
1.192705e+00,6.691995e-01
1.341390e+00,5.974350e-01
1.508610e+00,5.365901e-01
1.696677e+00,4.853021e-01
1.908188e+00,4.424685e-01
2.146067e+00,4.072221e-01
2.413600e+00,3.789022e-01
2.714484e+00,3.570442e-01
3.052877e+00,3.413618e-01
3.433455e+00,3.317426e-01
3.861476e+00,3.282364e-01
4.342856e+00,3.310269e-01
4.884245e+00,3.403777e-01
5.493125e+00,3.565338e-01
6.177909e+00,3.795487e-01
6.948060e+00,4.090358e-01
7.814219e+00,4.438751e-01
8.788355e+00,4.819547e-01
9.883930e+00,5.201139e-01
1.111608e+01,5.543850e-01
1.250183e+01,5.806218e-01
1.406034e+01,5.952951e-01
1.581313e+01,5.962431e-01
1.778442e+01,5.830228e-01
2.000147e+01,5.568847e-01
2.249489e+01,5.202975e-01
2.529915e+01,4.764471e-01
2.845299e+01,4.282921e-01
3.200000e+01,3.789023e-01
