c,tau
3.125000e-02,1.148839e+02
3.514569e-02,9.456666e+01
3.952702e-02,7.794923e+01
4.445454e-02,6.434406e+01
4.999633e-02,5.319324e+01
5.622898e-02,4.404378e+01
6.323860e-02,3.652768e+01
7.112205e-02,3.034576e+01
7.998827e-02,2.525463e+01
8.995977e-02,2.105615e+01
1.011743e-01,1.758891e+01
1.137869e-01,1.472132e+01
1.279718e-01,1.234600e+01
1.439251e-01,1.037528e+01
1.618671e-01,8.737483e+00
1.820457e-01,7.374001e+00
2.047399e-01,6.236837e+00
2.302632e-01,5.286656e+00
2.589683e-01,4.491187e+00
2.912518e-01,3.823930e+00
3.275599e-01,3.263096e+00
3.683941e-01,2.790751e+00
4.143189e-01,2.392115e+00
4.659687e-01,2.054992e+00
5.240574e-01,1.769302e+00
5.893874e-01,1.526703e+00
6.628616e-01,1.320277e+00
7.454953e-01,1.144275e+00
8.384303e-01,9.939091e-01
9.429507e-01,8.651772e-01
1.060501e+00,7.547248e-01
1.192705e+00,6.597274e-01
1.341390e+00,5.777960e-01
1.508610e+00,5.068998e-01
1.696677e+00,4.453106e-01
1.908188e+00,3.915533e-01
2.146067e+00,3.443760e-01
2.413600e+00,3.027280e-01
2.714484e+00,2.657418e-01
3.052877e+00,2.327213e-01
3.433455e+00,2.031257e-01
3.861476e+00,1.765468e-01
4.342856e+00,1.526868e-01
4.884245e+00,1.313242e-01
5.493125e+00,1.122883e-01
6.177909e+00,9.543298e-02
6.948060e+00,8.062076e-02
7.814219e+00,6.770823e-02
8.788355e+00,5.654491e-02
9.883930e+00,4.697268e-02
1.111608e+01,3.882867e-02
1.250183e+01,3.195153e-02
1.406034e+01,2.618325e-02
1.581313e+01,2.137515e-02
1.778442e+01,1.739141e-02
2.000147e+01,1.410645e-02
2.249489e+01,1.141053e-02
2.529915e+01,9.207063e-03
2.845299e+01,7.412219e-03
3.200000e+01,5.956520e-03
