c,tau
3.125000e-02,1.057474e+02
3.514569e-02,8.703678e+01
3.952702e-02,7.173578e+01
4.445454e-02,5.921044e+01
4.999633e-02,4.894639e+01
5.622898e-02,4.052605e+01
6.323860e-02,3.361019e+01
7.112205e-02,2.792304e+01
7.998827e-02,2.324032e+01
8.995977e-02,1.937946e+01
1.011743e-01,1.619172e+01
1.137869e-01,1.355588e+01
1.279718e-01,1.137303e+01
1.439251e-01,9.562424e+00
1.618671e-01,8.058067e+00
1.820457e-01,6.805989e+00
2.047399e-01,5.762006e+00
2.302632e-01,4.889912e+00
2.589683e-01,4.160013e+00
2.912518e-01,3.547926e+00
3.275599e-01,3.033609e+00
3.683941e-01,2.600575e+00
4.143189e-01,2.235237e+00
4.659687e-01,1.926394e+00
5.240574e-01,1.664796e+00
5.893874e-01,1.442793e+00
6.628616e-01,1.254057e+00
7.454953e-01,1.093340e+00
8.384303e-01,9.562880e-01
9.429507e-01,8.392824e-01
1.060501e+00,7.393116e-01
1.192705e+00,6.538645e-01
1.341390e+00,5.808437e-01
1.508610e+00,5.184915e-01
1.696677e+00,4.653289e-01
1.908188e+00,4.201029e-01
2.146067e+00,3.817399e-01
2.413600e+00,3.493045e-01
2.714484e+00,3.219612e-01
3.052877e+00,2.989393e-01
3.433455e+00,2.795017e-01
3.861476e+00,2.629197e-01
4.342856e+00,2.484618e-01
4.884245e+00,2.353997e-01
5.493125e+00,2.230350e-01
6.177909e+00,2.107488e-01
6.948060e+00,1.980595e-01
7.814219e+00,1.846722e-01
8.788355e+00,1.705051e-01
9.883930e+00,1.556754e-01
1.111608e+01,1.404553e-01
1.250183e+01,1.252029e-01
1.406034e+01,1.102966e-01
1.581313e+01,9.608197e-02
1.778442e+01,8.282718e-02
2.000147e+01,7.072100e-02
2.249489e+01,5.986180e-02
2.529915e+01,5.027779e-02
2.845299e+01,4.193790e-02
3.200000e+01,3.477936e-02
