c,tau
3.125000e-02,4.490314e+01
3.514569e-02,3.697678e+01
3.952702e-02,3.049217e+01
4.445454e-02,2.518158e+01
4.999633e-02,2.082772e+01
5.622898e-02,1.725418e+01
6.323860e-02,1.431757e+01
7.112205e-02,1.190136e+01
7.998827e-02,9.910693e+00
8.995977e-02,8.268356e+00
1.011743e-01,6.911440e+00
1.137869e-01,5.788638e+00
1.279718e-01,4.858084e+00
1.439251e-01,4.085582e+00
1.618671e-01,3.443178e+00
1.820457e-01,2.908001e+00
2.047399e-01,2.461319e+00
2.302632e-01,2.087777e+00
2.589683e-01,1.774774e+00
2.912518e-01,1.511956e+00
3.275599e-01,1.290812e+00
3.683941e-01,1.104330e+00
4.143189e-01,9.467322e-01
4.659687e-01,8.132481e-01
5.240574e-01,6.999347e-01
5.893874e-01,6.035285e-01
6.628616e-01,5.213241e-01
7.454953e-01,4.510752e-01
8.384303e-01,3.909136e-01
9.429507e-01,3.392831e-01
1.060501e+00,2.948843e-01
1.192705e+00,2.566304e-01
1.341390e+00,2.236094e-01
1.508610e+00,1.950551e-01
1.696677e+00,1.703211e-01
1.908188e+00,1.488601e-01
2.146067e+00,1.302053e-01
2.413600e+00,1.139687e-01
2.714484e+00,9.980467e-02
3.052877e+00,8.742066e-02
3.433455e+00,7.656688e-02
3.861476e+00,6.702688e-02
4.342856e+00,5.861535e-02
4.884245e+00,5.117569e-02
5.493125e+00,4.457617e-02
6.177909e+00,3.870928e-02
6.948060e+00,3.348855e-02
7.814219e+00,2.884487e-02
8.788355e+00,2.472354e-02
9.883930e+00,2.107991e-02
1.111608e+01,1.787449e-02
1.250183e+01,1.507202e-02
1.406034e+01,1.264040e-02
1.581313e+01,1.054512e-02
1.778442e+01,8.752451e-03
2.000147e+01,7.230445e-03
2.249489e+01,5.947024e-03
2.529915e+01,4.871809e-03
2.845299e+01,3.976269e-03
3.200000e+01,3.234101e-03
