c,tau
3.125000e-02,1.043378e+02
3.514569e-02,8.601461e+01
3.952702e-02,7.100882e+01
4.445454e-02,5.870652e+01
4.999633e-02,4.860922e+01
5.622898e-02,4.031186e+01
6.323860e-02,3.348510e+01
7.112205e-02,2.786095e+01
7.998827e-02,2.322122e+01
8.995977e-02,1.938813e+01
1.011743e-01,1.621671e+01
1.137869e-01,1.358863e+01
1.279718e-01,1.140727e+01
1.439251e-01,9.593632e+00
1.618671e-01,8.083077e+00
1.820457e-01,6.822671e+00
2.047399e-01,5.769020e+00
2.302632e-01,4.886514e+00
2.589683e-01,4.145897e+00
2.912518e-01,3.523108e+00
3.275599e-01,2.998337e+00
3.683941e-01,2.555247e+00
4.143189e-01,2.180351e+00
4.659687e-01,1.862498e+00
5.240574e-01,1.592452e+00
5.893874e-01,1.362549e+00
6.628616e-01,1.166423e+00
7.454953e-01,9.987718e-01
8.384303e-01,8.551751e-01
9.429507e-01,7.319428e-01
1.060501e+00,6.259930e-01
1.192705e+00,5.347521e-01
1.341390e+00,4.560726e-01
1.508610e+00,3.881650e-01
1.696677e+00,3.295377e-01
1.908188e+00,2.789453e-01
2.146067e+00,2.353424e-01
2.413600e+00,1.978465e-01
2.714484e+00,1.656956e-01
3.052877e+00,1.382285e-01
3.433455e+00,1.148611e-01
3.861476e+00,9.507293e-02
4.342856e+00,7.839566e-02
4.884245e+00,6.440915e-02
5.493125e+00,5.273525e-02
6.177909e+00,4.303758e-02
6.948060e+00,3.501717e-02
7.814219e+00,2.841205e-02
8.788355e+00,2.299328e-02
9.883930e+00,1.856461e-02
1.111608e+01,1.495673e-02
1.250183e+01,1.202695e-02
1.406034e+01,9.653896e-03
1.581313e+01,7.737607e-03
1.778442e+01,6.192175e-03
2.000147e+01,4.948895e-03
2.249489e+01,3.950561e-03
2.529915e+01,3.150304e-03
2.845299e+01,2.510510e-03
3.200000e+01,1.998590e-03
