c,tau
3.125000e-02,4.073109e+01
3.514569e-02,3.353916e+01
3.952702e-02,2.765583e+01
4.445454e-02,2.283802e+01
4.999633e-02,1.888849e+01
5.622898e-02,1.564708e+01
6.323860e-02,1.298364e+01
7.112205e-02,1.079238e+01
7.998827e-02,8.987227e+00
8.995977e-02,7.498090e+00
1.011743e-01,6.267873e+00
1.137869e-01,5.250018e+00
1.279718e-01,4.406534e+00
1.439251e-01,3.706393e+00
1.618671e-01,3.124231e+00
1.820457e-01,2.639299e+00
2.047399e-01,2.234602e+00
2.302632e-01,1.896211e+00
2.589683e-01,1.612696e+00
2.912518e-01,1.374669e+00
3.275599e-01,1.174407e+00
3.683941e-01,1.005553e+00
4.143189e-01,8.628681e-01
4.659687e-01,7.420265e-01
5.240574e-01,6.394539e-01
5.893874e-01,5.521917e-01
6.628616e-01,4.777880e-01
7.454953e-01,4.142073e-01
8.384303e-01,3.597571e-01
9.429507e-01,3.130277e-01
1.060501e+00,2.728433e-01
1.192705e+00,2.382203e-01
1.341390e+00,2.083347e-01
1.508610e+00,1.824948e-01
1.696677e+00,1.601184e-01
1.908188e+00,1.407134e-01
2.146067e+00,1.238604e-01
2.413600e+00,1.092163e-01
2.714484e+00,9.647120e-02
3.052877e+00,8.536353e-02
3.433455e+00,7.567018e-02
3.861476e+00,6.719552e-02
4.342856e+00,5.976715e-02
4.884245e+00,5.323289e-02
5.493125e+00,4.745761e-02
6.177909e+00,4.232237e-02
6.948060e+00,3.772392e-02
7.814219e+00,3.357449e-02
8.788355e+00,2.980366e-02
9.883930e+00,2.635741e-02
1.111608e+01,2.319811e-02
1.250183e+01,2.030137e-02
1.406034e+01,1.765248e-02
1.581313e+01,1.524527e-02
1.778442e+01,1.307339e-02
2.000147e+01,1.113213e-02
2.249489e+01,9.414663e-03
2.529915e+01,7.910508e-03
2.845299e+01,6.606368e-03
3.200000e+01,5.486042e-03
