c,tau
3.125000e-02,6.241969e+01
3.514569e-02,5.141712e+01
3.952702e-02,4.241307e+01
4.445454e-02,3.503679e+01
4.999633e-02,2.898738e+01
5.622898e-02,2.402042e+01
6.323860e-02,1.993728e+01
7.112205e-02,1.657642e+01
7.998827e-02,1.380640e+01
8.995977e-02,1.152014e+01
1.011743e-01,9.630407e+00
1.137869e-01,8.066030e+00
1.279718e-01,6.768920e+00
1.439251e-01,5.691619e+00
1.618671e-01,4.795322e+00
1.820457e-01,4.048270e+00
2.047399e-01,3.424444e+00
2.302632e-01,2.902509e+00
2.589683e-01,2.464951e+00
2.912518e-01,2.097378e+00
3.275599e-01,1.787950e+00
3.683941e-01,1.526913e+00
4.143189e-01,1.306226e+00
4.659687e-01,1.119245e+00
5.240574e-01,9.604786e-01
5.893874e-01,8.253781e-01
6.628616e-01,7.101701e-01
7.454953e-01,6.117194e-01
8.384303e-01,5.274153e-01
9.429507e-01,4.550803e-01
1.060501e+00,3.928934e-01
1.192705e+00,3.393283e-01
1.341390e+00,2.931021e-01
1.508610e+00,2.531347e-01
1.696677e+00,2.185146e-01
1.908188e+00,1.884722e-01
2.146067e+00,1.623564e-01
2.413600e+00,1.396237e-01
2.714484e+00,1.198112e-01
3.052877e+00,1.025334e-01
3.433455e+00,8.746940e-02
3.861476e+00,7.435008e-02
4.342856e+00,6.294846e-02
4.884245e+00,5.307002e-02
5.493125e+00,4.454593e-02
6.177909e+00,3.722446e-02
6.948060e+00,3.096886e-02
7.814219e+00,2.565371e-02
8.788355e+00,2.116295e-02
9.883930e+00,1.738974e-02
1.111608e+01,1.423697e-02
1.250183e+01,1.161625e-02
1.406034e+01,9.448344e-03
1.581313e+01,7.662733e-03
1.778442e+01,6.198359e-03
2.000147e+01,5.002895e-03
2.249489e+01,4.028676e-03
2.529915e+01,3.237558e-03
2.845299e+01,2.597285e-03
3.200000e+01,2.080157e-03
